100000000000;111;14;00000000021789855204
100000000000;111;4;00000000000023922077
110000000000;111;14;00000000000882156227
110000000000;111;4;00000000000016722896
110100000000;111;14;00000000000644164373
110100000000;111;4;000000000000000000000
110200000000;111;14;00000000000112564152
110200000000;111;4;00000000000016722896
110201000000;111;14;000000000000000000000
110201000000;111;4;000000000000000000000
110202000000;111;14;00000000000112564152
110202000000;111;4;00000000000016722896
110203000000;111;14;000000000000000000000
110203000000;111;4;000000000000000000000
110300000000;111;14;000000000000000000000
110300000000;111;4;000000000000000000000
110301000000;111;14;000000000000000000000
110301000000;111;4;000000000000000000000
110303000000;111;14;000000000000000000000
110303000000;111;4;000000000000000000000
110390000000;111;14;000000000000000000000
110390000000;111;4;000000000000000000000
110400000000;111;14;00000000000125427702
110400000000;111;4;000000000000000000000
110403000000;111;14;00000000000125427702
110403000000;111;4;000000000000000000000
110404000000;111;14;000000000000000000000
110404000000;111;4;000000000000000000000
110405000000;111;14;000000000000000000000
110405000000;111;4;000000000000000000000
110411000000;111;14;000000000000000000000
110411000000;111;4;000000000000000000000
110490000000;111;14;000000000000000000000
110490000000;111;4;000000000000000000000
120000000000;111;14;00000000010738655717
120000000000;111;4;000000000000000000000
120100000000;111;14;00000000009428218589
120100000000;111;4;000000000000000000000
120101000000;111;14;00000000009428218589
120101000000;111;4;000000000000000000000
120101010000;111;14;00000000001470966846
120101010000;111;4;000000000000000000000
120101010100;111;14;00000000001470966846
120101010100;111;4;000000000000000000000
120101010200;111;14;000000000000000000000
120101010200;111;4;000000000000000000000
120101020000;111;14;00000000005667000677
120101020000;111;4;000000000000000000000
120101020100;111;14;00000000005667000677
120101020100;111;4;000000000000000000000
120101020200;111;14;000000000000000000000
120101020200;111;4;000000000000000000000
120101030000;111;14;00000000002290251066
120101030000;111;4;000000000000000000000
120101030100;111;14;00000000002290251066
120101030100;111;4;000000000000000000000
120101030200;111;14;000000000000000000000
120101030200;111;4;000000000000000000000
120101040000;111;14;000000000000000000000
120101040000;111;4;000000000000000000000
120102000000;111;14;000000000000000000000
120102000000;111;4;000000000000000000000
120102010000;111;14;000000000000000000000
120102010000;111;4;000000000000000000000
120102020000;111;14;000000000000000000000
120102020000;111;4;000000000000000000000
120102030000;111;14;000000000000000000000
120102030000;111;4;000000000000000000000
120200000000;111;14;000000000000000000000
120200000000;111;4;000000000000000000000
120201000000;111;14;000000000000000000000
120201000000;111;4;000000000000000000000
120201010000;111;14;000000000000000000000
120201010000;111;4;000000000000000000000
120201010100;111;14;000000000000000000000
120201010100;111;4;000000000000000000000
120201010200;111;14;000000000000000000000
120201010200;111;4;000000000000000000000
120201020000;111;14;000000000000000000000
120201020000;111;4;000000000000000000000
120201020100;111;14;000000000000000000000
120201020100;111;4;000000000000000000000
120201020200;111;14;000000000000000000000
120201020200;111;4;000000000000000000000
120201030000;111;14;000000000000000000000
120201030000;111;4;000000000000000000000
120201030100;111;14;000000000000000000000
120201030100;111;4;000000000000000000000
120201030200;111;14;000000000000000000000
120201030200;111;4;000000000000000000000
120201040000;111;14;000000000000000000000
120201040000;111;4;000000000000000000000
120202000000;111;14;000000000000000000000
120202000000;111;4;000000000000000000000
120202010000;111;14;000000000000000000000
120202010000;111;4;000000000000000000000
120202020000;111;14;000000000000000000000
120202020000;111;4;000000000000000000000
120202030000;111;14;000000000000000000000
120202030000;111;4;000000000000000000000
120300000000;111;14;00000000001310437128
120300000000;111;4;000000000000000000000
120304000000;111;14;00000000001310437128
120304000000;111;4;000000000000000000000
120304010000;111;14;000000000000000000000
120304010000;111;4;000000000000000000000
120304010100;111;14;000000000000000000000
120304010100;111;4;000000000000000000000
120304010200;111;14;000000000000000000000
120304010200;111;4;000000000000000000000
120304020000;111;14;000000000000000000000
120304020000;111;4;000000000000000000000
120304020100;111;14;000000000000000000000
120304020100;111;4;000000000000000000000
120304020200;111;14;000000000000000000000
120304020200;111;4;000000000000000000000
120304030000;111;14;00000000001310437128
120304030000;111;4;000000000000000000000
120304030100;111;14;00000000001310437128
120304030100;111;4;000000000000000000000
120304030200;111;14;000000000000000000000
120304030200;111;4;000000000000000000000
120305000000;111;14;000000000000000000000
120305000000;111;4;000000000000000000000
120305010000;111;14;000000000000000000000
120305010000;111;4;000000000000000000000
120305020000;111;14;000000000000000000000
120305020000;111;4;000000000000000000000
120305030000;111;14;000000000000000000000
120305030000;111;4;000000000000000000000
121400000000;111;14;000000000000000000000
121400000000;111;4;000000000000000000000
130000000000;111;14;00000000008514891137
130000000000;111;4;000000000000000000000
130100000000;111;14;00000000000415471020
130100000000;111;4;000000000000000000000
131100000000;111;14;00000000008099420117
131100000000;111;4;000000000000000000000
131600000000;111;14;000000000000000000000
131600000000;111;4;000000000000000000000
135000000000;111;14;00000000001157633542
135000000000;111;4;000000000000000000000
135100000000;111;14;000000000000000000000
135100000000;111;4;000000000000000000000
135105000000;111;14;000000000000000000000
135105000000;111;4;000000000000000000000
135105010000;111;14;000000000000000000000
135105010000;111;4;000000000000000000000
135105020000;111;14;000000000000000000000
135105020000;111;4;000000000000000000000
135105030000;111;14;000000000000000000000
135105030000;111;4;000000000000000000000
135105040000;111;14;000000000000000000000
135105040000;111;4;000000000000000000000
135105050000;111;14;000000000000000000000
135105050000;111;4;000000000000000000000
135105060000;111;14;000000000000000000000
135105060000;111;4;000000000000000000000
135156000000;111;14;000000000000000000000
135156000000;111;4;000000000000000000000
135156010000;111;14;000000000000000000000
135156010000;111;4;000000000000000000000
135156020000;111;14;000000000000000000000
135156020000;111;4;000000000000000000000
135171000000;111;14;000000000000000000000
135171000000;111;4;000000000000000000000
135171010000;111;14;000000000000000000000
135171010000;111;4;000000000000000000000
135171020000;111;14;000000000000000000000
135171020000;111;4;000000000000000000000
135171030000;111;14;000000000000000000000
135171030000;111;4;000000000000000000000
135171040000;111;14;000000000000000000000
135171040000;111;4;000000000000000000000
136100000000;111;14;00000000001157633542
136100000000;111;4;000000000000000000000
136101000000;111;14;00000000001073614708
136101000000;111;4;000000000000000000000
136103000000;111;14;00000000000084018834
136103000000;111;4;000000000000000000000
136104000000;111;14;000000000000000000000
136104000000;111;4;000000000000000000000
136190000000;111;14;000000000000000000000
136190000000;111;4;000000000000000000000
136600000000;111;14;000000000000000000000
136600000000;111;4;000000000000000000000
136601000000;111;14;000000000000000000000
136601000000;111;4;000000000000000000000
136602000000;111;14;000000000000000000000
136602000000;111;4;000000000000000000000
139000000000;111;14;-0000000002036625524
139000000000;111;4;000000000000000000000
139100000000;111;14;-0000000001916654047
139100000000;111;4;000000000000000000000
139150000000;111;14;-0000000001916654047
139150000000;111;4;000000000000000000000
139197000000;111;14;000000000000000000000
139197000000;111;4;000000000000000000000
139600000000;111;14;-0000000000119971477
139600000000;111;4;000000000000000000000
139601000000;111;14;000000000000000000000
139601000000;111;4;000000000000000000000
139602000000;111;14;000000000000000000000
139602000000;111;4;000000000000000000000
139604000000;111;14;-0000000000000107512
139604000000;111;4;000000000000000000000
139605000000;111;14;-0000000000119863965
139605000000;111;4;000000000000000000000
139603000000;111;14;000000000000000000000
139603000000;111;4;000000000000000000000
139608000000;111;14;000000000000000000000
139608000000;111;4;000000000000000000000
140000000000;111;14;00000000000067316633
140000000000;111;4;00000000000007199181
140200000000;111;14;000000000000000000000
140200000000;111;4;000000000000000000000
140201000000;111;14;000000000000000000000
140201000000;111;4;000000000000000000000
140202000000;111;14;000000000000000000000
140202000000;111;4;000000000000000000000
140100000000;111;14;00000000000078536539
140100000000;111;4;00000000000007199181
140102000000;111;14;00000000000000048690
140102000000;111;4;000000000000000000000
140103000000;111;14;00000000000007009301
140103000000;111;4;000000000000000000000
140104000000;111;14;00000000000010372689
140104000000;111;4;000000000000000000000
140105000000;111;14;00000000000006329985
140105000000;111;4;000000000000000000000
140106000000;111;14;000000000000000000000
140106000000;111;4;000000000000000000000
140108000000;111;14;000000000000000000000
140108000000;111;4;000000000000000000000
140190000000;111;14;00000000000054775874
140190000000;111;4;00000000000007199181
149100000000;111;14;-0000000000011219906
149100000000;111;4;000000000000000000000
149101000000;111;14;000000000000000000000
149101000000;111;4;000000000000000000000
149101010000;111;14;000000000000000000000
149101010000;111;4;000000000000000000000
149101020000;111;14;000000000000000000000
149101020000;111;4;000000000000000000000
150000000000;111;14;000000000000000000000
150000000000;111;4;000000000000000000000
150100000000;111;14;000000000000000000000
150100000000;111;4;000000000000000000000
150200000000;111;14;000000000000000000000
150200000000;111;4;000000000000000000000
150300000000;111;14;000000000000000000000
150300000000;111;4;000000000000000000000
150400000000;111;14;000000000000000000000
150400000000;111;4;000000000000000000000
155000000000;111;14;000000000000000000000
155000000000;111;4;000000000000000000000
156000000000;111;14;000000000000000000000
156000000000;111;4;000000000000000000000
157000000000;111;14;000000000000000000000
157000000000;111;4;000000000000000000000
160000000000;111;14;00000000000178875611
160000000000;111;4;000000000000000000000
160100000000;111;14;00000000000300652472
160100000000;111;4;000000000000000000000
160101000000;111;14;000000000000000000000
160101000000;111;4;000000000000000000000
160102000000;111;14;000000000000000000000
160102000000;111;4;000000000000000000000
160103000000;111;14;000000000000000000000
160103000000;111;4;000000000000000000000
160104000000;111;14;00000000000008603738
160104000000;111;4;000000000000000000000
160105000000;111;14;00000000000285325524
160105000000;111;4;000000000000000000000
160106000000;111;14;00000000000001261299
160106000000;111;4;000000000000000000000
160107000000;111;14;00000000000005461911
160107000000;111;4;000000000000000000000
160190000000;111;14;000000000000000000000
160190000000;111;4;000000000000000000000
160200000000;111;14;00000000000000173201
160200000000;111;4;000000000000000000000
160201000000;111;14;000000000000000000000
160201000000;111;4;000000000000000000000
160202000000;111;14;000000000000000000000
160202000000;111;4;000000000000000000000
160203000000;111;14;000000000000000000000
160203000000;111;4;000000000000000000000
160204000000;111;14;000000000000000000000
160204000000;111;4;000000000000000000000
160205000000;111;14;00000000000000173201
160205000000;111;4;000000000000000000000
160206000000;111;14;000000000000000000000
160206000000;111;4;000000000000000000000
160207000000;111;14;000000000000000000000
160207000000;111;4;000000000000000000000
160290000000;111;14;000000000000000000000
160290000000;111;4;000000000000000000000
161100000000;111;14;-0000000000121950062
161100000000;111;4;000000000000000000000
161102000000;111;14;000000000000000000000
161102000000;111;4;000000000000000000000
161104000000;111;14;-0000000000004242272
161104000000;111;4;000000000000000000000
161105000000;111;14;-0000000000116446491
161105000000;111;4;000000000000000000000
161106000000;111;14;-0000000000001261299
161106000000;111;4;000000000000000000000
161107000000;111;14;000000000000000000000
161107000000;111;4;000000000000000000000
161190000000;111;14;000000000000000000000
161190000000;111;4;000000000000000000000
161200000000;111;14;000000000000000000000
161200000000;111;4;000000000000000000000
161202000000;111;14;000000000000000000000
161202000000;111;4;000000000000000000000
161204000000;111;14;000000000000000000000
161204000000;111;4;000000000000000000000
161205000000;111;14;000000000000000000000
161205000000;111;4;000000000000000000000
161206000000;111;14;000000000000000000000
161206000000;111;4;000000000000000000000
161207000000;111;14;000000000000000000000
161207000000;111;4;000000000000000000000
161290000000;111;14;000000000000000000000
161290000000;111;4;000000000000000000000
170000000000;111;14;00000000000002877546
170000000000;111;4;000000000000000000000
170100000000;111;14;000000000000000000000
170100000000;111;4;000000000000000000000
170101000000;111;14;000000000000000000000
170101000000;111;4;000000000000000000000
170102000000;111;14;000000000000000000000
170102000000;111;4;000000000000000000000
170200000000;111;14;000000000000000000000
170200000000;111;4;000000000000000000000
170201000000;111;14;000000000000000000000
170201000000;111;4;000000000000000000000
170202000000;111;14;000000000000000000000
170202000000;111;4;000000000000000000000
179000000000;111;14;00000000000002877546
179000000000;111;4;000000000000000000000
179001000000;111;14;000000000000000000000
179001000000;111;4;000000000000000000000
179002000000;111;14;00000000000002877546
179002000000;111;4;000000000000000000000
180000000000;111;14;00000000000435288382
180000000000;111;4;000000000000000000000
180100000000;111;14;00000000000428952991
180100000000;111;4;000000000000000000000
180300000000;111;14;00000000000006335391
180300000000;111;4;000000000000000000000
190000000000;111;14;00000000000848970171
190000000000;111;4;000000000000000000000
190300000000;111;14;00000000000848970171
190300000000;111;4;000000000000000000000
190301000000;111;14;00000000000075985846
190301000000;111;4;000000000000000000000
190301010000;111;14;000000000000000000000
190301010000;111;4;000000000000000000000
190301030000;111;14;000000000000000000000
190301030000;111;4;000000000000000000000
190301040000;111;14;000000000000000000000
190301040000;111;4;000000000000000000000
190301100000;111;14;000000000000000000000
190301100000;111;4;000000000000000000000
190301060000;111;14;00000000000000611811
190301060000;111;4;000000000000000000000
190301900000;111;14;00000000000054300725
190301900000;111;4;000000000000000000000
190302000000;111;14;00000000000772984325
190302000000;111;4;000000000000000000000
190302010000;111;14;000000000000000000000
190302010000;111;4;000000000000000000000
190302020000;111;14;000000000000000000000
190302020000;111;4;000000000000000000000
190302800000;111;14;00000000000430346407
190302800000;111;4;000000000000000000000
190302070000;111;14;000000000000000000000
190302070000;111;4;000000000000000000000
190302900000;111;14;00000000000342637918
190302900000;111;4;000000000000000000000
190303000000;111;14;000000000000000000000
190303000000;111;4;000000000000000000000
190303010000;111;14;000000000000000000000
190303010000;111;4;000000000000000000000
190303010100;111;14;000000000000000000000
190303010100;111;4;000000000000000000000
190303010200;111;14;000000000000000000000
190303010200;111;4;000000000000000000000
190303020000;111;14;000000000000000000000
190303020000;111;4;000000000000000000000
190303020100;111;14;000000000000000000000
190303020100;111;4;000000000000000000000
190303020200;111;14;000000000000000000000
190303020200;111;4;000000000000000000000
191600000000;111;14;000000000000000000000
191600000000;111;4;000000000000000000000
191604000000;111;14;000000000000000000000
191604000000;111;4;000000000000000000000
191606000000;111;14;000000000000000000000
191606000000;111;4;000000000000000000000
200000000000;111;14;00000000018529675007
200000000000;111;4;000000000000000000000
210000000000;111;14;00000000017935629475
210000000000;111;4;000000000000000000000
210100000000;111;14;00000000016667565720
210100000000;111;4;000000000000000000000
210101000000;111;14;00000000000366969288
210101000000;111;4;000000000000000000000
210102000000;111;14;00000000016300596432
210102000000;111;4;000000000000000000000
211100000000;111;14;00000000001268063755
211100000000;111;4;000000000000000000000
211101000000;111;14;00000000001268063755
211101000000;111;4;000000000000000000000
211102000000;111;14;000000000000000000000
211102000000;111;4;000000000000000000000
230000000000;111;14;000000000000000000000
230000000000;111;4;000000000000000000000
230100000000;111;14;000000000000000000000
230100000000;111;4;000000000000000000000
230200000000;111;14;000000000000000000000
230200000000;111;4;000000000000000000000
230201000000;111;14;000000000000000000000
230201000000;111;4;000000000000000000000
230202000000;111;14;000000000000000000000
230202000000;111;4;000000000000000000000
230203000000;111;14;000000000000000000000
230203000000;111;4;000000000000000000000
230204000000;111;14;000000000000000000000
230204000000;111;4;000000000000000000000
230205000000;111;14;000000000000000000000
230205000000;111;4;000000000000000000000
230300000000;111;14;000000000000000000000
230300000000;111;4;000000000000000000000
230301000000;111;14;000000000000000000000
230301000000;111;4;000000000000000000000
230302000000;111;14;000000000000000000000
230302000000;111;4;000000000000000000000
230303000000;111;14;000000000000000000000
230303000000;111;4;000000000000000000000
230304000000;111;14;000000000000000000000
230304000000;111;4;000000000000000000000
230305000000;111;14;000000000000000000000
230305000000;111;4;000000000000000000000
240000000000;111;14;00000000000433101590
240000000000;111;4;000000000000000000000
240200000000;111;14;000000000000000000000
240200000000;111;4;000000000000000000000
240201000000;111;14;000000000000000000000
240201000000;111;4;000000000000000000000
240300000000;111;14;000000000000000000000
240300000000;111;4;000000000000000000000
240100000000;111;14;00000000000428632666
240100000000;111;4;000000000000000000000
240102000000;111;14;00000000000005407230
240102000000;111;4;000000000000000000000
240102010000;111;14;000000000000000000000
240102010000;111;4;000000000000000000000
240102020000;111;14;000000000000000000000
240102020000;111;4;000000000000000000000
240102030000;111;14;000000000000000000000
240102030000;111;4;000000000000000000000
240102040000;111;14;000000000000000000000
240102040000;111;4;000000000000000000000
240102050000;111;14;000000000000000000000
240102050000;111;4;000000000000000000000
240102060000;111;14;00000000000004105774
240102060000;111;4;000000000000000000000
240102080000;111;14;000000000000000000000
240102080000;111;4;000000000000000000000
240102090000;111;14;000000000000000000000
240102090000;111;4;000000000000000000000
240102070000;111;14;000000000000000000000
240102070000;111;4;000000000000000000000
240102900000;111;14;00000000000001301456
240102900000;111;4;000000000000000000000
240103000000;111;14;000000000000000000000
240103000000;111;4;000000000000000000000
240113000000;111;14;000000000000000000000
240113000000;111;4;000000000000000000000
240115000000;111;14;000000000000000000000
240115000000;111;4;000000000000000000000
240105000000;111;14;000000000000000000000
240105000000;111;4;000000000000000000000
240106000000;111;14;000000000000000000000
240106000000;111;4;000000000000000000000
240107000000;111;14;00000000000000081953
240107000000;111;4;000000000000000000000
240108000000;111;14;00000000000316651765
240108000000;111;4;000000000000000000000
240109000000;111;14;00000000000015130460
240109000000;111;4;000000000000000000000
240110000000;111;14;00000000000022014028
240110000000;111;4;000000000000000000000
240112000000;111;14;00000000000012285511
240112000000;111;4;000000000000000000000
240112020000;111;14;000000000000000000000
240112020000;111;4;000000000000000000000
240112030000;111;14;000000000000000000000
240112030000;111;4;000000000000000000000
240112040000;111;14;000000000000000000000
240112040000;111;4;000000000000000000000
240112060000;111;14;000000000000000000000
240112060000;111;4;000000000000000000000
240112090000;111;14;000000000000000000000
240112090000;111;4;000000000000000000000
240112900000;111;14;00000000000012285511
240112900000;111;4;000000000000000000000
240190000000;111;14;00000000000057061719
240190000000;111;4;000000000000000000000
270000000000;111;14;000000000000000000000
270000000000;111;4;000000000000000000000
270100000000;111;14;000000000000000000000
270100000000;111;4;000000000000000000000
270101000000;111;14;000000000000000000000
270101000000;111;4;000000000000000000000
270103000000;111;14;000000000000000000000
270103000000;111;4;000000000000000000000
280000000000;111;14;00000000000135385366
280000000000;111;4;000000000000000000000
280100000000;111;14;00000000000131696709
280100000000;111;4;000000000000000000000
280300000000;111;14;00000000000003688657
280300000000;111;4;000000000000000000000
290000000000;111;14;00000000000025558576
290000000000;111;4;000000000000000000000
293100000000;111;14;00000000000025558576
293100000000;111;4;000000000000000000000
293101000000;111;14;00000000000001006268
293101000000;111;4;000000000000000000000
293104000000;111;14;00000000000024552308
293104000000;111;4;000000000000000000000
293105000000;111;14;000000000000000000000
293105000000;111;4;000000000000000000000
293103000000;111;14;000000000000000000000
293103000000;111;4;000000000000000000000
293106000000;111;14;000000000000000000000
293106000000;111;4;000000000000000000000
293190000000;111;14;000000000000000000000
293190000000;111;4;000000000000000000000
293200000000;111;14;000000000000000000000
293200000000;111;4;000000000000000000000
293201000000;111;14;000000000000000000000
293201000000;111;4;000000000000000000000
293202000000;111;14;000000000000000000000
293202000000;111;4;000000000000000000000
293207000000;111;14;000000000000000000000
293207000000;111;4;000000000000000000000
293208000000;111;14;000000000000000000000
293208000000;111;4;000000000000000000000
293209000000;111;14;000000000000000000000
293209000000;111;4;000000000000000000000
293290000000;111;14;000000000000000000000
293290000000;111;4;000000000000000000000
400000000000;111;14;00000000002614175981
400000000000;111;4;000000000000000000000
410000000000;111;14;00000000002565519351
410000000000;111;4;000000000000000000000
410100000000;111;14;00000000002550000000
410100000000;111;4;000000000000000000000
410200000000;111;14;000000000000000000000
410200000000;111;4;000000000000000000000
410300000000;111;14;00000000000015519351
410300000000;111;4;000000000000000000000
410700000000;111;14;000000000000000000000
410700000000;111;4;000000000000000000000
410800000000;111;14;000000000000000000000
410800000000;111;4;000000000000000000000
410400000000;111;14;000000000000000000000
410400000000;111;4;000000000000000000000
410500000000;111;14;000000000000000000000
410500000000;111;4;000000000000000000000
411100000000;111;14;000000000000000000000
411100000000;111;4;000000000000000000000
411200000000;111;14;000000000000000000000
411200000000;111;4;000000000000000000000
420000000000;111;14;00000000000048656630
420000000000;111;4;000000000000000000000
420100000000;111;14;00000000000076796505
420100000000;111;4;000000000000000000000
420200000000;111;14;000000000000000000000
420200000000;111;4;000000000000000000000
420300000000;111;14;-0000000000028035498
420300000000;111;4;000000000000000000000
420301000000;111;14;-0000000000028035498
420301000000;111;4;000000000000000000000
420302000000;111;14;000000000000000000000
420302000000;111;4;000000000000000000000
420400000000;111;14;-0000000000000104377
420400000000;111;4;000000000000000000000
420500000000;111;14;000000000000000000000
420500000000;111;4;000000000000000000000
420501000000;111;14;000000000000000000000
420501000000;111;4;000000000000000000000
420502000000;111;14;000000000000000000000
420502000000;111;4;000000000000000000000
420503000000;111;14;000000000000000000000
420503000000;111;4;000000000000000000000
429000000000;111;14;000000000000000000000
429000000000;111;4;000000000000000000000
421500000000;111;14;000000000000000000000
421500000000;111;4;000000000000000000000
421600000000;111;14;000000000000000000000
421600000000;111;4;000000000000000000000
700000000000;111;14;00000000030066490452
700000000000;111;4;000000000000000000000
710000000000;111;14;000000000000000000000
710000000000;111;4;000000000000000000000
790000000000;111;14;00000000000023509558
790000000000;111;4;000000000000000000000
730000000000;111;14;00000000006734184605
730000000000;111;4;000000000000000000000
740000000000;111;14;000000000000000000000
740000000000;111;4;000000000000000000000
740100000000;111;14;000000000000000000000
740100000000;111;4;000000000000000000000
740101000000;111;14;000000000000000000000
740101000000;111;4;000000000000000000000
740102000000;111;14;000000000000000000000
740102000000;111;4;000000000000000000000
740103000000;111;14;000000000000000000000
740103000000;111;4;000000000000000000000
740104000000;111;14;000000000000000000000
740104000000;111;4;000000000000000000000
740200000000;111;14;000000000000000000000
740200000000;111;4;000000000000000000000
750000000000;111;14;00000000000079998940
750000000000;111;4;000000000000000000000
750100000000;111;14;00000000000079998940
750100000000;111;4;000000000000000000000
750101000000;111;14;000000000000000000000
750101000000;111;4;000000000000000000000
750104000000;111;14;000000000000000000000
750104000000;111;4;000000000000000000000
750300000000;111;14;000000000000000000000
750300000000;111;4;000000000000000000000
760000000000;111;14;000000000000000000000
760000000000;111;4;000000000000000000000
760100000000;111;14;000000000000000000000
760100000000;111;4;000000000000000000000
760400000000;111;14;000000000000000000000
760400000000;111;4;000000000000000000000
760900000000;111;14;000000000000000000000
760900000000;111;4;000000000000000000000
771000000000;111;14;00000000000048908569
771000000000;111;4;000000000000000000000
780000000000;111;14;00000000022179563557
780000000000;111;4;000000000000000000000
510000000000;111;14;00000000004951531017
510000000000;111;4;000000000000000000000
510100000000;111;14;00000000000027252811
510100000000;111;4;000000000000000000000
510101000000;111;14;00000000000022196353
510101000000;111;4;000000000000000000000
510102000000;111;14;00000000000005056458
510102000000;111;4;000000000000000000000
510300000000;111;14;00000000000649982166
510300000000;111;4;000000000000000000000
510301000000;111;14;00000000000393350539
510301000000;111;4;000000000000000000000
510302000000;111;14;000000000000000000000
510302000000;111;4;000000000000000000000
510303000000;111;14;00000000000256631627
510303000000;111;4;000000000000000000000
510400000000;111;14;000000000000000000000
510400000000;111;4;000000000000000000000
510500000000;111;14;00000000003750554131
510500000000;111;4;000000000000000000000
510501000000;111;14;00000000000052260881
510501000000;111;4;000000000000000000000
510511000000;111;14;00000000003698293250
510511000000;111;4;000000000000000000000
510516000000;111;14;000000000000000000000
510516000000;111;4;000000000000000000000
510200000000;111;14;00000000000517479793
510200000000;111;4;000000000000000000000
510251000000;111;14;000000000000000000000
510251000000;111;4;000000000000000000000
510251050000;111;14;000000000000000000000
510251050000;111;4;000000000000000000000
510251060000;111;14;000000000000000000000
510251060000;111;4;000000000000000000000
510251210000;111;14;000000000000000000000
510251210000;111;4;000000000000000000000
510261000000;111;14;00000000000517479793
510261000000;111;4;000000000000000000000
510266000000;111;14;000000000000000000000
510266000000;111;4;000000000000000000000
510600000000;111;14;00000000000000763271
510600000000;111;4;000000000000000000000
510651000000;111;14;00000000000000763271
510651000000;111;4;000000000000000000000
510661000000;111;14;000000000000000000000
510661000000;111;4;000000000000000000000
510671000000;111;14;000000000000000000000
510671000000;111;4;000000000000000000000
510700000000;111;14;00000000000005434666
510700000000;111;4;000000000000000000000
511100000000;111;14;000000000000000000000
511100000000;111;4;000000000000000000000
511101000000;111;14;000000000000000000000
511101000000;111;4;000000000000000000000
511102000000;111;14;000000000000000000000
511102000000;111;4;000000000000000000000
510800000000;111;14;00000000000000064179
510800000000;111;4;000000000000000000000
510801000000;111;14;000000000000000000000
510801000000;111;4;000000000000000000000
510802000000;111;14;000000000000000000000
510802000000;111;4;000000000000000000000
510803000000;111;14;00000000000000064179
510803000000;111;4;000000000000000000000
519900000000;111;14;000000000000000000000
519900000000;111;4;000000000000000000000
610000000000;111;14;00000000000463220954
610000000000;111;4;000000000000000000000
610100000000;111;14;00000000000381188795
610100000000;111;4;000000000000000000000
610200000000;111;14;00000000000047507986
610200000000;111;4;000000000000000000000
610300000000;111;14;000000000000000000000
610300000000;111;4;000000000000000000000
611400000000;111;14;00000000000000133014
611400000000;111;4;000000000000000000000
610600000000;111;14;000000000000000000000
610600000000;111;4;000000000000000000000
610601000000;111;14;000000000000000000000
610601000000;111;4;000000000000000000000
610603000000;111;14;000000000000000000000
610603000000;111;4;000000000000000000000
610400000000;111;14;000000000000000000000
610400000000;111;4;000000000000000000000
610700000000;111;14;000000000000000000000
610700000000;111;4;000000000000000000000
611100000000;111;14;000000000000000000000
611100000000;111;4;000000000000000000000
611101000000;111;14;000000000000000000000
611101000000;111;4;000000000000000000000
611102000000;111;14;000000000000000000000
611102000000;111;4;000000000000000000000
610800000000;111;14;00000000000001524397
610800000000;111;4;000000000000000000000
610801000000;111;14;00000000000001524397
610801000000;111;4;000000000000000000000
610802000000;111;14;000000000000000000000
610802000000;111;4;000000000000000000000
610803000000;111;14;000000000000000000000
610803000000;111;4;000000000000000000000
619900000000;111;14;000000000000000000000
619900000000;111;4;000000000000000000000
520000000000;111;14;000000000000000000000
520000000000;111;4;000000000000000000000
520200000000;111;14;000000000000000000000
520200000000;111;4;000000000000000000000
520300000000;111;14;000000000000000000000
520300000000;111;4;000000000000000000000
529900000000;111;14;000000000000000000000
529900000000;111;4;000000000000000000000
620000000000;111;14;00000000002510892083
620000000000;111;4;000000000000000000000
629100000000;111;14;00000000002229912375
629100000000;111;4;000000000000000000000
629600000000;111;14;00000000000280979708
629600000000;111;4;000000000000000000000
629601000000;111;14;000000000000000000000
629601000000;111;4;000000000000000000000
629602000000;111;14;000000000000000000000
629602000000;111;4;000000000000000000000
629604000000;111;14;00000000000000084733
629604000000;111;4;000000000000000000000
629605000000;111;14;00000000000280894975
629605000000;111;4;000000000000000000000
629607000000;111;14;000000000000000000000
629607000000;111;4;000000000000000000000
629603000000;111;14;000000000000000000000
629603000000;111;4;000000000000000000000
629608000000;111;14;000000000000000000000
629608000000;111;4;000000000000000000000
629669000000;111;14;000000000000000000000
629669000000;111;4;000000000000000000000
629900000000;111;14;000000000000000000000
629900000000;111;4;000000000000000000000
530000000000;111;14;00000000001284753451
530000000000;111;4;000000000000000000000
532100000000;111;14;00000000000001124382
532100000000;111;4;000000000000000000000
532101000000;111;14;00000000000001124382
532101000000;111;4;000000000000000000000
532111000000;111;14;000000000000000000000
532111000000;111;4;000000000000000000000
532166000000;111;14;000000000000000000000
532166000000;111;4;000000000000000000000
530100000000;111;14;000000000000000000000
530100000000;111;4;000000000000000000000
530200000000;111;14;000000000000000000000
530200000000;111;4;000000000000000000000
530300000000;111;14;000000000000000000000
530300000000;111;4;000000000000000000000
530400000000;111;14;000000000000000000000
530400000000;111;4;000000000000000000000
530500000000;111;14;000000000000000000000
530500000000;111;4;000000000000000000000
530600000000;111;14;00000000000938010838
530600000000;111;4;000000000000000000000
530800000000;111;14;000000000000000000000
530800000000;111;4;000000000000000000000
530900000000;111;14;00000000000030326809
530900000000;111;4;000000000000000000000
531100000000;111;14;000000000000000000000
531100000000;111;4;000000000000000000000
531200000000;111;14;000000000000000000000
531200000000;111;4;000000000000000000000
531300000000;111;14;000000000000000000000
531300000000;111;4;000000000000000000000
531400000000;111;14;000000000000000000000
531400000000;111;4;000000000000000000000
531500000000;111;14;000000000000000000000
531500000000;111;4;000000000000000000000
531600000000;111;14;000000000000000000000
531600000000;111;4;000000000000000000000
531700000000;111;14;000000000000000000000
531700000000;111;4;000000000000000000000
539000000000;111;14;00000000000315291422
539000000000;111;4;000000000000000000000
539900000000;111;14;000000000000000000000
539900000000;111;4;000000000000000000000
630000000000;111;14;00000000000012613050
630000000000;111;4;000000000000000000000
630100000000;111;14;000000000000000000000
630100000000;111;4;000000000000000000000
630200000000;111;14;000000000000000000000
630200000000;111;4;000000000000000000000
630400000000;111;14;000000000000000000000
630400000000;111;4;000000000000000000000
631100000000;111;14;000000000000000000000
631100000000;111;4;000000000000000000000
639000000000;111;14;00000000000007908881
639000000000;111;4;000000000000000000000
639900000000;111;14;000000000000000000000
639900000000;111;4;000000000000000000000
540000000000;111;14;00000000000007717888
540000000000;111;4;000000000000000000000
540100000000;111;14;00000000000007486094
540100000000;111;4;000000000000000000000
540101000000;111;14;00000000000007486094
540101000000;111;4;000000000000000000000
540131000000;111;14;000000000000000000000
540131000000;111;4;000000000000000000000
540141000000;111;14;000000000000000000000
540141000000;111;4;000000000000000000000
540400000000;111;14;000000000000000000000
540400000000;111;4;000000000000000000000
540500000000;111;14;000000000000000000000
540500000000;111;4;000000000000000000000
540300000000;111;14;00000000000000231794
540300000000;111;4;000000000000000000000
540301000000;111;14;00000000000000231794
540301000000;111;4;000000000000000000000
540302000000;111;14;000000000000000000000
540302000000;111;4;000000000000000000000
540303000000;111;14;000000000000000000000
540303000000;111;4;000000000000000000000
540331000000;111;14;000000000000000000000
540331000000;111;4;000000000000000000000
540341000000;111;14;000000000000000000000
540341000000;111;4;000000000000000000000
540600000000;111;14;000000000000000000000
540600000000;111;4;000000000000000000000
540700000000;111;14;000000000000000000000
540700000000;111;4;000000000000000000000
549900000000;111;14;000000000000000000000
549900000000;111;4;000000000000000000000
640000000000;111;14;00000000002256630200
640000000000;111;4;000000000000000000000
640200000000;111;14;00000000000009245337
640200000000;111;4;000000000000000000000
640300000000;111;14;00000000000003783537
640300000000;111;4;000000000000000000000
640400000000;111;14;00000000000001133220
640400000000;111;4;000000000000000000000
640500000000;111;14;00000000000063229660
640500000000;111;4;000000000000000000000
640600000000;111;14;00000000000072287314
640600000000;111;4;000000000000000000000
640800000000;111;14;00000000000001242837
640800000000;111;4;000000000000000000000
640900000000;111;14;00000000000012172845
640900000000;111;4;000000000000000000000
649000000000;111;14;00000000000039036277
649000000000;111;4;000000000000000000000
649300000000;111;14;000000000000000000000
649300000000;111;4;000000000000000000000
649200000000;111;14;00000000000007927825
649200000000;111;4;000000000000000000000
649100000000;111;14;00000000000986309606
649100000000;111;4;000000000000000000000
649900000000;111;14;000000000000000000000
649900000000;111;4;000000000000000000000
505023000000;111;14;00000000000000738996
505023000000;111;4;000000000000000000000
505023010000;111;14;000000000000000000000
505023010000;111;4;000000000000000000000
505023020000;111;14;000000000000000000000
505023020000;111;4;000000000000000000000
505023090000;111;14;00000000000000738996
505023090000;111;4;000000000000000000000
505028000000;111;14;00000000000000036206
505028000000;111;4;000000000000000000000
505029000000;111;14;000000000000000000000
505029000000;111;4;000000000000000000000
505030000000;111;14;00000000000004207078
505030000000;111;4;000000000000000000000
505031000000;111;14;00000000000000500440
505031000000;111;4;000000000000000000000
505032000000;111;14;000000000000000000000
505032000000;111;4;000000000000000000000
505025000000;111;14;-0000000000005831667
505025000000;111;4;000000000000000000000
505026000000;111;14;-0000000000009281032
505026000000;111;4;000000000000000000000
505026010000;111;14;-0000000000000419823
505026010000;111;4;000000000000000000000
505026020000;111;14;-0000000000008057779
505026020000;111;4;000000000000000000000
505026030000;111;14;-0000000000000789976
505026030000;111;4;000000000000000000000
505026090000;111;14;-0000000000000013454
505026090000;111;4;000000000000000000000
505090000000;111;14;00000000000044973330
505090000000;111;4;000000000000000000000
505024000000;111;14;000000000000000000000
505024000000;111;4;000000000000000000000
505027000000;111;14;000000000000000000000
505027000000;111;4;000000000000000000000
660000000000;111;14;00000000000114415544
660000000000;111;4;000000000000000000000
660100000000;111;14;00000000000114415544
660100000000;111;4;000000000000000000000
669900000000;111;14;000000000000000000000
669900000000;111;4;000000000000000000000
560000000000;111;14;-0000000000149864925
560000000000;111;4;000000000000000000000
560100000000;111;14;-0000000000149864925
560100000000;111;4;000000000000000000000
569900000000;111;14;000000000000000000000
569900000000;111;4;000000000000000000000
570000000000;111;14;000000000000000000000
570000000000;111;4;000000000000000000000
570100000000;111;14;000000000000000000000
570100000000;111;4;000000000000000000000
579900000000;111;14;000000000000000000000
579900000000;111;4;000000000000000000000
580000000000;111;14;000000000000000000000
580000000000;111;4;000000000000000000000
580100000000;111;14;000000000000000000000
580100000000;111;4;000000000000000000000
589900000000;111;14;000000000000000000000
589900000000;111;4;000000000000000000000
115000000000;111;14;000000000000000000000
115000000000;111;4;000000000000000000000
115001000000;111;14;000000000000000000000
115001000000;111;4;000000000000000000000
115002000000;111;14;000000000000000000000
115002000000;111;4;000000000000000000000
115090000000;111;14;000000000000000000000
115090000000;111;4;000000000000000000000
120101040100;111;14;000000000000000000000
120101040100;111;4;000000000000000000000
120101040200;111;14;000000000000000000000
120101040200;111;4;000000000000000000000
120103000000;111;14;000000000000000000000
120103000000;111;4;000000000000000000000
120103010000;111;14;000000000000000000000
120103010000;111;4;000000000000000000000
120103020000;111;14;000000000000000000000
120103020000;111;4;000000000000000000000
120103030000;111;14;000000000000000000000
120103030000;111;4;000000000000000000000
120103040000;111;14;000000000000000000000
120103040000;111;4;000000000000000000000
120104000000;111;14;000000000000000000000
120104000000;111;4;000000000000000000000
120104010000;111;14;000000000000000000000
120104010000;111;4;000000000000000000000
120104010100;111;14;000000000000000000000
120104010100;111;4;000000000000000000000
120104010200;111;14;000000000000000000000
120104010200;111;4;000000000000000000000
120104020000;111;14;000000000000000000000
120104020000;111;4;000000000000000000000
120104020100;111;14;000000000000000000000
120104020100;111;4;000000000000000000000
120104020200;111;14;000000000000000000000
120104020200;111;4;000000000000000000000
120104030000;111;14;000000000000000000000
120104030000;111;4;000000000000000000000
120104030100;111;14;000000000000000000000
120104030100;111;4;000000000000000000000
120104030200;111;14;000000000000000000000
120104030200;111;4;000000000000000000000
120104040000;111;14;000000000000000000000
120104040000;111;4;000000000000000000000
120104040100;111;14;000000000000000000000
120104040100;111;4;000000000000000000000
120104040200;111;14;000000000000000000000
120104040200;111;4;000000000000000000000
120201040100;111;14;000000000000000000000
120201040100;111;4;000000000000000000000
120201040200;111;14;000000000000000000000
120201040200;111;4;000000000000000000000
120203000000;111;14;000000000000000000000
120203000000;111;4;000000000000000000000
120203010000;111;14;000000000000000000000
120203010000;111;4;000000000000000000000
120203020000;111;14;000000000000000000000
120203020000;111;4;000000000000000000000
120203030000;111;14;000000000000000000000
120203030000;111;4;000000000000000000000
120203040000;111;14;000000000000000000000
120203040000;111;4;000000000000000000000
120204000000;111;14;000000000000000000000
120204000000;111;4;000000000000000000000
120204010000;111;14;000000000000000000000
120204010000;111;4;000000000000000000000
120204010100;111;14;000000000000000000000
120204010100;111;4;000000000000000000000
120204010200;111;14;000000000000000000000
120204010200;111;4;000000000000000000000
120204020000;111;14;000000000000000000000
120204020000;111;4;000000000000000000000
120204020100;111;14;000000000000000000000
120204020100;111;4;000000000000000000000
120204020200;111;14;000000000000000000000
120204020200;111;4;000000000000000000000
120204030000;111;14;000000000000000000000
120204030000;111;4;000000000000000000000
120204030100;111;14;000000000000000000000
120204030100;111;4;000000000000000000000
120204030200;111;14;000000000000000000000
120204030200;111;4;000000000000000000000
120204040000;111;14;000000000000000000000
120204040000;111;4;000000000000000000000
120204040100;111;14;000000000000000000000
120204040100;111;4;000000000000000000000
120204040200;111;14;000000000000000000000
120204040200;111;4;000000000000000000000
120306000000;111;14;000000000000000000000
120306000000;111;4;000000000000000000000
120306010000;111;14;000000000000000000000
120306010000;111;4;000000000000000000000
120306020000;111;14;000000000000000000000
120306020000;111;4;000000000000000000000
120306030000;111;14;000000000000000000000
120306030000;111;4;000000000000000000000
120307000000;111;14;000000000000000000000
120307000000;111;4;000000000000000000000
120307010000;111;14;000000000000000000000
120307010000;111;4;000000000000000000000
120307010100;111;14;000000000000000000000
120307010100;111;4;000000000000000000000
120307010200;111;14;000000000000000000000
120307010200;111;4;000000000000000000000
120307020000;111;14;000000000000000000000
120307020000;111;4;000000000000000000000
120307020100;111;14;000000000000000000000
120307020100;111;4;000000000000000000000
120307020200;111;14;000000000000000000000
120307020200;111;4;000000000000000000000
120307030000;111;14;000000000000000000000
120307030000;111;4;000000000000000000000
120307030100;111;14;000000000000000000000
120307030100;111;4;000000000000000000000
120307030200;111;14;000000000000000000000
120307030200;111;4;000000000000000000000
120800000000;111;14;00000000000999815762
120800000000;111;4;000000000000000000000
120700000000;111;14;000000000000000000000
120700000000;111;4;000000000000000000000
120701000000;111;14;000000000000000000000
120701000000;111;4;000000000000000000000
121406000000;111;14;000000000000000000000
121406000000;111;4;000000000000000000000
121406010000;111;14;000000000000000000000
121406010000;111;4;000000000000000000000
121406020000;111;14;000000000000000000000
121406020000;111;4;000000000000000000000
121406030000;111;14;000000000000000000000
121406030000;111;4;000000000000000000000
121406040000;111;14;000000000000000000000
121406040000;111;4;000000000000000000000
121406050000;111;14;000000000000000000000
121406050000;111;4;000000000000000000000
121406060000;111;14;000000000000000000000
121406060000;111;4;000000000000000000000
121406070000;111;14;000000000000000000000
121406070000;111;4;000000000000000000000
121407000000;111;14;000000000000000000000
121407000000;111;4;000000000000000000000
121407010000;111;14;000000000000000000000
121407010000;111;4;000000000000000000000
121407020000;111;14;000000000000000000000
121407020000;111;4;000000000000000000000
121407030000;111;14;000000000000000000000
121407030000;111;4;000000000000000000000
121407040000;111;14;000000000000000000000
121407040000;111;4;000000000000000000000
121407050000;111;14;000000000000000000000
121407050000;111;4;000000000000000000000
121407060000;111;14;000000000000000000000
121407060000;111;4;000000000000000000000
121407070000;111;14;000000000000000000000
121407070000;111;4;000000000000000000000
121700000000;111;14;000000000000000000000
121700000000;111;4;000000000000000000000
130107000000;111;14;00000000000415471020
130107000000;111;4;000000000000000000000
130107010000;111;14;00000000000414888322
130107010000;111;4;000000000000000000000
130107010100;111;14;000000000000000000000
130107010100;111;4;000000000000000000000
130107010200;111;14;000000000000000000000
130107010200;111;4;000000000000000000000
130107010300;111;14;000000000000000000000
130107010300;111;4;000000000000000000000
130107010400;111;14;000000000000000000000
130107010400;111;4;000000000000000000000
130107010500;111;14;00000000000270524404
130107010500;111;4;000000000000000000000
130107019000;111;14;00000000000144363918
130107019000;111;4;000000000000000000000
130107020000;111;14;00000000000000582698
130107020000;111;4;000000000000000000000
130107020100;111;14;000000000000000000000
130107020100;111;4;000000000000000000000
130107020200;111;14;00000000000000582698
130107020200;111;4;000000000000000000000
130107030000;111;14;000000000000000000000
130107030000;111;4;000000000000000000000
130107030100;111;14;000000000000000000000
130107030100;111;4;000000000000000000000
130107030200;111;14;000000000000000000000
130107030200;111;4;000000000000000000000
130107030300;111;14;000000000000000000000
130107030300;111;4;000000000000000000000
130107039000;111;14;000000000000000000000
130107039000;111;4;000000000000000000000
130108000000;111;14;000000000000000000000
130108000000;111;4;000000000000000000000
130108010000;111;14;000000000000000000000
130108010000;111;4;000000000000000000000
130108010100;111;14;000000000000000000000
130108010100;111;4;000000000000000000000
130108010200;111;14;000000000000000000000
130108010200;111;4;000000000000000000000
130108010300;111;14;000000000000000000000
130108010300;111;4;000000000000000000000
130108010400;111;14;000000000000000000000
130108010400;111;4;000000000000000000000
130108010500;111;14;000000000000000000000
130108010500;111;4;000000000000000000000
130108019000;111;14;000000000000000000000
130108019000;111;4;000000000000000000000
130108020000;111;14;000000000000000000000
130108020000;111;4;000000000000000000000
130108020100;111;14;000000000000000000000
130108020100;111;4;000000000000000000000
130108020200;111;14;000000000000000000000
130108020200;111;4;000000000000000000000
130108030000;111;14;000000000000000000000
130108030000;111;4;000000000000000000000
130108030100;111;14;000000000000000000000
130108030100;111;4;000000000000000000000
130108030200;111;14;000000000000000000000
130108030200;111;4;000000000000000000000
130108030300;111;14;000000000000000000000
130108030300;111;4;000000000000000000000
130108039000;111;14;000000000000000000000
130108039000;111;4;000000000000000000000
131107000000;111;14;00000000008099420117
131107000000;111;4;000000000000000000000
131107010000;111;14;00000000007011676465
131107010000;111;4;000000000000000000000
131107020000;111;14;00000000001087743652
131107020000;111;4;000000000000000000000
131107030000;111;14;000000000000000000000
131107030000;111;4;000000000000000000000
131107040000;111;14;000000000000000000000
131107040000;111;4;000000000000000000000
131107050000;111;14;000000000000000000000
131107050000;111;4;000000000000000000000
131107900000;111;14;000000000000000000000
131107900000;111;4;000000000000000000000
131108000000;111;14;000000000000000000000
131108000000;111;4;000000000000000000000
131108010000;111;14;000000000000000000000
131108010000;111;4;000000000000000000000
131108020000;111;14;000000000000000000000
131108020000;111;4;000000000000000000000
131108030000;111;14;000000000000000000000
131108030000;111;4;000000000000000000000
131108040000;111;14;000000000000000000000
131108040000;111;4;000000000000000000000
131108050000;111;14;000000000000000000000
131108050000;111;4;000000000000000000000
131108900000;111;14;000000000000000000000
131108900000;111;4;000000000000000000000
131607000000;111;14;000000000000000000000
131607000000;111;4;000000000000000000000
131607010000;111;14;000000000000000000000
131607010000;111;4;000000000000000000000
131607020000;111;14;000000000000000000000
131607020000;111;4;000000000000000000000
131608000000;111;14;000000000000000000000
131608000000;111;4;000000000000000000000
131608010000;111;14;000000000000000000000
131608010000;111;4;000000000000000000000
131608020000;111;14;000000000000000000000
131608020000;111;4;000000000000000000000
136105000000;111;14;000000000000000000000
136105000000;111;4;000000000000000000000
136106000000;111;14;000000000000000000000
136106000000;111;4;000000000000000000000
139150070000;111;14;-0000000000002562507
139150070000;111;4;000000000000000000000
139150070100;111;14;-0000000000002562507
139150070100;111;4;000000000000000000000
139150070200;111;14;000000000000000000000
139150070200;111;4;000000000000000000000
139150070300;111;14;000000000000000000000
139150070300;111;4;000000000000000000000
139150080000;111;14;000000000000000000000
139150080000;111;4;000000000000000000000
139150080100;111;14;000000000000000000000
139150080100;111;4;000000000000000000000
139150080200;111;14;000000000000000000000
139150080200;111;4;000000000000000000000
139150080300;111;14;000000000000000000000
139150080300;111;4;000000000000000000000
139150670000;111;14;-0000000001914091540
139150670000;111;4;000000000000000000000
139150670100;111;14;-0000000001756323286
139150670100;111;4;000000000000000000000
139150670300;111;14;-0000000000157768254
139150670300;111;4;000000000000000000000
139150670500;111;14;000000000000000000000
139150670500;111;4;000000000000000000000
139150670600;111;14;000000000000000000000
139150670600;111;4;000000000000000000000
139150670400;111;14;000000000000000000000
139150670400;111;4;000000000000000000000
139150679000;111;14;000000000000000000000
139150679000;111;4;000000000000000000000
139150680000;111;14;000000000000000000000
139150680000;111;4;000000000000000000000
139150680100;111;14;000000000000000000000
139150680100;111;4;000000000000000000000
139150680300;111;14;000000000000000000000
139150680300;111;4;000000000000000000000
139150680500;111;14;000000000000000000000
139150680500;111;4;000000000000000000000
139150680600;111;14;000000000000000000000
139150680600;111;4;000000000000000000000
139150680400;111;14;000000000000000000000
139150680400;111;4;000000000000000000000
139150689000;111;14;000000000000000000000
139150689000;111;4;000000000000000000000
139150770000;111;14;000000000000000000000
139150770000;111;4;000000000000000000000
139150770100;111;14;000000000000000000000
139150770100;111;4;000000000000000000000
139150770200;111;14;000000000000000000000
139150770200;111;4;000000000000000000000
139150780000;111;14;000000000000000000000
139150780000;111;4;000000000000000000000
139150780100;111;14;000000000000000000000
139150780100;111;4;000000000000000000000
139150780200;111;14;000000000000000000000
139150780200;111;4;000000000000000000000
179700000000;111;14;000000000000000000000
179700000000;111;4;000000000000000000000
179701000000;111;14;000000000000000000000
179701000000;111;4;000000000000000000000
179702000000;111;14;000000000000000000000
179702000000;111;4;000000000000000000000
140900000000;111;14;000000000000000000000
140900000000;111;4;000000000000000000000
140901000000;111;14;000000000000000000000
140901000000;111;4;000000000000000000000
140902000000;111;14;000000000000000000000
140902000000;111;4;000000000000000000000
140903000000;111;14;000000000000000000000
140903000000;111;4;000000000000000000000
140904000000;111;14;000000000000000000000
140904000000;111;4;000000000000000000000
140905000000;111;14;000000000000000000000
140905000000;111;4;000000000000000000000
141000000000;111;14;000000000000000000000
141000000000;111;4;000000000000000000000
140203000000;111;14;000000000000000000000
140203000000;111;4;000000000000000000000
140112000000;111;14;000000000000000000000
140112000000;111;4;000000000000000000000
149101030000;111;14;000000000000000000000
149101030000;111;4;000000000000000000000
149104000000;111;14;-0000000000011219906
149104000000;111;4;000000000000000000000
179500000000;111;14;000000000000000000000
179500000000;111;4;000000000000000000000
179501000000;111;14;000000000000000000000
179501000000;111;4;000000000000000000000
179501010000;111;14;000000000000000000000
179501010000;111;4;000000000000000000000
179501020000;111;14;000000000000000000000
179501020000;111;4;000000000000000000000
179502000000;111;14;000000000000000000000
179502000000;111;4;000000000000000000000
179502010000;111;14;000000000000000000000
179502010000;111;4;000000000000000000000
179502020000;111;14;000000000000000000000
179502020000;111;4;000000000000000000000
179590000000;111;14;000000000000000000000
179590000000;111;4;000000000000000000000
179590010000;111;14;000000000000000000000
179590010000;111;4;000000000000000000000
179590020000;111;14;000000000000000000000
179590020000;111;4;000000000000000000000
189900000000;111;14;000000000000000000000
189900000000;111;4;000000000000000000000
190301110000;111;14;000000000000000000000
190301110000;111;4;000000000000000000000
190301120000;111;14;00000000000021073310
190301120000;111;4;000000000000000000000
190303070000;111;14;000000000000000000000
190303070000;111;4;000000000000000000000
190303080000;111;14;000000000000000000000
190303080000;111;4;000000000000000000000
190303090000;111;14;000000000000000000000
190303090000;111;4;000000000000000000000
190303100000;111;14;000000000000000000000
190303100000;111;4;000000000000000000000
190303110000;111;14;000000000000000000000
190303110000;111;4;000000000000000000000
190303120000;111;14;000000000000000000000
190303120000;111;4;000000000000000000000
190303130000;111;14;000000000000000000000
190303130000;111;4;000000000000000000000
190303140000;111;14;000000000000000000000
190303140000;111;4;000000000000000000000
191604060000;111;14;000000000000000000000
191604060000;111;4;000000000000000000000
191604070000;111;14;000000000000000000000
191604070000;111;4;000000000000000000000
191604070100;111;14;000000000000000000000
191604070100;111;4;000000000000000000000
191604070200;111;14;000000000000000000000
191604070200;111;4;000000000000000000000
191604080000;111;14;000000000000000000000
191604080000;111;4;000000000000000000000
191604080100;111;14;000000000000000000000
191604080100;111;4;000000000000000000000
191604080200;111;14;000000000000000000000
191604080200;111;4;000000000000000000000
191604089000;111;14;000000000000000000000
191604089000;111;4;000000000000000000000
212500000000;111;14;000000000000000000000
212500000000;111;4;000000000000000000000
212501000000;111;14;000000000000000000000
212501000000;111;4;000000000000000000000
212502000000;111;14;000000000000000000000
212502000000;111;4;000000000000000000000
212590000000;111;14;000000000000000000000
212590000000;111;4;000000000000000000000
220800000000;111;14;000000000000000000000
220800000000;111;4;000000000000000000000
220700000000;111;14;000000000000000000000
220700000000;111;4;000000000000000000000
220701000000;111;14;000000000000000000000
220701000000;111;4;000000000000000000000
220900000000;111;14;000000000000000000000
220900000000;111;4;000000000000000000000
220901000000;111;14;000000000000000000000
220901000000;111;4;000000000000000000000
220901010000;111;14;000000000000000000000
220901010000;111;4;000000000000000000000
220901010700;111;14;000000000000000000000
220901010700;111;4;000000000000000000000
220901010701;111;14;000000000000000000000
220901010701;111;4;000000000000000000000
220901010702;111;14;000000000000000000000
220901010702;111;4;000000000000000000000
220901010703;111;14;000000000000000000000
220901010703;111;4;000000000000000000000
220901010800;111;14;000000000000000000000
220901010800;111;4;000000000000000000000
220902000000;111;14;000000000000000000000
220902000000;111;4;000000000000000000000
220902010000;111;14;000000000000000000000
220902010000;111;4;000000000000000000000
220902010700;111;14;000000000000000000000
220902010700;111;4;000000000000000000000
220902010701;111;14;000000000000000000000
220902010701;111;4;000000000000000000000
220902010702;111;14;000000000000000000000
220902010702;111;4;000000000000000000000
220902010703;111;14;000000000000000000000
220902010703;111;4;000000000000000000000
220902010704;111;14;000000000000000000000
220902010704;111;4;000000000000000000000
220902020000;111;14;000000000000000000000
220902020000;111;4;000000000000000000000
220902020700;111;14;000000000000000000000
220902020700;111;4;000000000000000000000
220902020701;111;14;000000000000000000000
220902020701;111;4;000000000000000000000
220902020702;111;14;000000000000000000000
220902020702;111;4;000000000000000000000
220902020703;111;14;000000000000000000000
220902020703;111;4;000000000000000000000
220902020704;111;14;000000000000000000000
220902020704;111;4;000000000000000000000
220903000000;111;14;000000000000000000000
220903000000;111;4;000000000000000000000
220903010000;111;14;000000000000000000000
220903010000;111;4;000000000000000000000
220903010100;111;14;000000000000000000000
220903010100;111;4;000000000000000000000
220903010200;111;14;000000000000000000000
220903010200;111;4;000000000000000000000
220903010300;111;14;000000000000000000000
220903010300;111;4;000000000000000000000
220903010400;111;14;000000000000000000000
220903010400;111;4;000000000000000000000
220903019000;111;14;000000000000000000000
220903019000;111;4;000000000000000000000
220990000000;111;14;000000000000000000000
220990000000;111;4;000000000000000000000
221400000000;111;14;000000000000000000000
221400000000;111;4;000000000000000000000
221406000000;111;14;000000000000000000000
221406000000;111;4;000000000000000000000
221406010000;111;14;000000000000000000000
221406010000;111;4;000000000000000000000
221406020000;111;14;000000000000000000000
221406020000;111;4;000000000000000000000
221406030000;111;14;000000000000000000000
221406030000;111;4;000000000000000000000
221406040000;111;14;000000000000000000000
221406040000;111;4;000000000000000000000
221406050000;111;14;000000000000000000000
221406050000;111;4;000000000000000000000
221406060000;111;14;000000000000000000000
221406060000;111;4;000000000000000000000
221406070000;111;14;000000000000000000000
221406070000;111;4;000000000000000000000
221407000000;111;14;000000000000000000000
221407000000;111;4;000000000000000000000
221407010000;111;14;000000000000000000000
221407010000;111;4;000000000000000000000
221407020000;111;14;000000000000000000000
221407020000;111;4;000000000000000000000
221407030000;111;14;000000000000000000000
221407030000;111;4;000000000000000000000
221407040000;111;14;000000000000000000000
221407040000;111;4;000000000000000000000
221407050000;111;14;000000000000000000000
221407050000;111;4;000000000000000000000
221407060000;111;14;000000000000000000000
221407060000;111;4;000000000000000000000
221407070000;111;14;000000000000000000000
221407070000;111;4;000000000000000000000
221700000000;111;14;000000000000000000000
221700000000;111;4;000000000000000000000
221900000000;111;14;000000000000000000000
221900000000;111;4;000000000000000000000
221901000000;111;14;000000000000000000000
221901000000;111;4;000000000000000000000
240202000000;111;14;000000000000000000000
240202000000;111;4;000000000000000000000
240800000000;111;14;00000000000004468924
240800000000;111;4;000000000000000000000
240900000000;111;14;000000000000000000000
240900000000;111;4;000000000000000000000
240901000000;111;14;000000000000000000000
240901000000;111;4;000000000000000000000
240902000000;111;14;000000000000000000000
240902000000;111;4;000000000000000000000
240903000000;111;14;000000000000000000000
240903000000;111;4;000000000000000000000
240904000000;111;14;000000000000000000000
240904000000;111;4;000000000000000000000
240905000000;111;14;000000000000000000000
240905000000;111;4;000000000000000000000
241000000000;111;14;000000000000000000000
241000000000;111;4;000000000000000000000
240104000000;111;14;000000000000000000000
240104000000;111;4;000000000000000000000
240116000000;111;14;000000000000000000000
240116000000;111;4;000000000000000000000
240110060000;111;14;000000000000000000000
240110060000;111;4;000000000000000000000
240110070000;111;14;00000000000020050641
240110070000;111;4;000000000000000000000
240110070100;111;14;00000000000020050641
240110070100;111;4;000000000000000000000
240110070200;111;14;000000000000000000000
240110070200;111;4;000000000000000000000
240110080000;111;14;00000000000001963387
240110080000;111;4;000000000000000000000
240110080100;111;14;000000000000000000000
240110080100;111;4;000000000000000000000
240110080200;111;14;00000000000001963387
240110080200;111;4;000000000000000000000
240110089000;111;14;000000000000000000000
240110089000;111;4;000000000000000000000
240112070000;111;14;000000000000000000000
240112070000;111;4;000000000000000000000
270104000000;111;14;000000000000000000000
270104000000;111;4;000000000000000000000
270105000000;111;14;000000000000000000000
270105000000;111;4;000000000000000000000
293112000000;111;14;000000000000000000000
293112000000;111;4;000000000000000000000
293108000000;111;14;000000000000000000000
293108000000;111;4;000000000000000000000
293111000000;111;14;000000000000000000000
293111000000;111;4;000000000000000000000
420504000000;111;14;000000000000000000000
420504000000;111;4;000000000000000000000
421501000000;111;14;000000000000000000000
421501000000;111;4;000000000000000000000
421502000000;111;14;000000000000000000000
421502000000;111;4;000000000000000000000
421503000000;111;14;000000000000000000000
421503000000;111;4;000000000000000000000
421504000000;111;14;000000000000000000000
421504000000;111;4;000000000000000000000
421700000000;111;14;000000000000000000000
421700000000;111;4;000000000000000000000
421701000000;111;14;000000000000000000000
421701000000;111;4;000000000000000000000
421702000000;111;14;000000000000000000000
421702000000;111;4;000000000000000000000
421703000000;111;14;000000000000000000000
421703000000;111;4;000000000000000000000
421704000000;111;14;000000000000000000000
421704000000;111;4;000000000000000000000
421800000000;111;14;000000000000000000000
421800000000;111;4;000000000000000000000
420900000000;111;14;000000000000000000000
420900000000;111;4;000000000000000000000
420901000000;111;14;000000000000000000000
420901000000;111;4;000000000000000000000
421400000000;111;14;000000000000000000000
421400000000;111;4;000000000000000000000
750105000000;111;14;000000000000000000000
750105000000;111;4;000000000000000000000
750190000000;111;14;00000000000079998940
750190000000;111;4;000000000000000000000
773100000000;111;14;00000000001000325223
773100000000;111;4;000000000000000000000
773106000000;111;14;000000000000000000000
773106000000;111;4;000000000000000000000
773107000000;111;14;00000000001000325223
773107000000;111;4;000000000000000000000
773108000000;111;14;000000000000000000000
773108000000;111;4;000000000000000000000
773191000000;111;14;000000000000000000000
773191000000;111;4;000000000000000000000
773110000000;111;14;000000000000000000000
773110000000;111;4;000000000000000000000
773190000000;111;14;000000000000000000000
773190000000;111;4;000000000000000000000
773200000000;111;14;000000000000000000000
773200000000;111;4;000000000000000000000
773207000000;111;14;000000000000000000000
773207000000;111;4;000000000000000000000
773208000000;111;14;000000000000000000000
773208000000;111;4;000000000000000000000
773209000000;111;14;000000000000000000000
773209000000;111;4;000000000000000000000
773210000000;111;14;000000000000000000000
773210000000;111;4;000000000000000000000
773290000000;111;14;000000000000000000000
773290000000;111;4;000000000000000000000
511200000000;111;14;000000000000000000000
511200000000;111;4;000000000000000000000
511201000000;111;14;000000000000000000000
511201000000;111;4;000000000000000000000
511202000000;111;14;000000000000000000000
511202000000;111;4;000000000000000000000
511290000000;111;14;000000000000000000000
511290000000;111;4;000000000000000000000
510501070000;111;14;00000000000052260881
510501070000;111;4;000000000000000000000
510501070100;111;14;00000000000052150383
510501070100;111;4;000000000000000000000
510501070200;111;14;00000000000000110498
510501070200;111;4;000000000000000000000
510501070300;111;14;000000000000000000000
510501070300;111;4;000000000000000000000
510501080000;111;14;000000000000000000000
510501080000;111;4;000000000000000000000
510501080100;111;14;000000000000000000000
510501080100;111;4;000000000000000000000
510501080200;111;14;000000000000000000000
510501080200;111;4;000000000000000000000
510501080300;111;14;000000000000000000000
510501080300;111;4;000000000000000000000
510511670000;111;14;00000000003698293250
510511670000;111;4;000000000000000000000
510511670100;111;14;00000000003248405567
510511670100;111;4;000000000000000000000
510511670200;111;14;00000000000449887683
510511670200;111;4;000000000000000000000
510511670300;111;14;000000000000000000000
510511670300;111;4;000000000000000000000
510511670400;111;14;000000000000000000000
510511670400;111;4;000000000000000000000
510511670500;111;14;000000000000000000000
510511670500;111;4;000000000000000000000
510511679000;111;14;000000000000000000000
510511679000;111;4;000000000000000000000
510511680000;111;14;000000000000000000000
510511680000;111;4;000000000000000000000
510511680100;111;14;000000000000000000000
510511680100;111;4;000000000000000000000
510511680200;111;14;000000000000000000000
510511680200;111;4;000000000000000000000
510511680300;111;14;000000000000000000000
510511680300;111;4;000000000000000000000
510511680400;111;14;000000000000000000000
510511680400;111;4;000000000000000000000
510511680500;111;14;000000000000000000000
510511680500;111;4;000000000000000000000
510511689000;111;14;000000000000000000000
510511689000;111;4;000000000000000000000
510516070000;111;14;000000000000000000000
510516070000;111;4;000000000000000000000
510516070100;111;14;000000000000000000000
510516070100;111;4;000000000000000000000
510516070200;111;14;000000000000000000000
510516070200;111;4;000000000000000000000
510516080000;111;14;000000000000000000000
510516080000;111;4;000000000000000000000
510516080100;111;14;000000000000000000000
510516080100;111;4;000000000000000000000
510516080200;111;14;000000000000000000000
510516080200;111;4;000000000000000000000
510261010000;111;14;00000000000492387752
510261010000;111;4;000000000000000000000
510261020000;111;14;00000000000025092041
510261020000;111;4;000000000000000000000
510261030000;111;14;000000000000000000000
510261030000;111;4;000000000000000000000
510261040000;111;14;000000000000000000000
510261040000;111;4;000000000000000000000
510261050000;111;14;000000000000000000000
510261050000;111;4;000000000000000000000
510261900000;111;14;000000000000000000000
510261900000;111;4;000000000000000000000
510266010000;111;14;000000000000000000000
510266010000;111;4;000000000000000000000
510266020000;111;14;000000000000000000000
510266020000;111;4;000000000000000000000
511800000000;111;14;000000000000000000000
511800000000;111;4;000000000000000000000
510804000000;111;14;000000000000000000000
510804000000;111;4;000000000000000000000
610604000000;111;14;000000000000000000000
610604000000;111;4;000000000000000000000
610605000000;111;14;000000000000000000000
610605000000;111;4;000000000000000000000
611700000000;111;14;000000000000000000000
611700000000;111;4;000000000000000000000
611200000000;111;14;00000000000032866762
611200000000;111;4;000000000000000000000
629101000000;111;14;00000000002229912375
629101000000;111;4;000000000000000000000
629101510000;111;14;00000000000000469689
629101510000;111;4;000000000000000000000
629101510700;111;14;00000000000000469689
629101510700;111;4;000000000000000000000
629101510701;111;14;00000000000000469689
629101510701;111;4;000000000000000000000
629101510702;111;14;000000000000000000000
629101510702;111;4;000000000000000000000
629101510703;111;14;000000000000000000000
629101510703;111;4;000000000000000000000
629101510800;111;14;000000000000000000000
629101510800;111;4;000000000000000000000
629101510801;111;14;000000000000000000000
629101510801;111;4;000000000000000000000
629101510802;111;14;000000000000000000000
629101510802;111;4;000000000000000000000
629101510803;111;14;000000000000000000000
629101510803;111;4;000000000000000000000
629101610000;111;14;00000000002229442686
629101610000;111;4;000000000000000000000
629101616700;111;14;00000000002229442686
629101616700;111;4;000000000000000000000
629101616701;111;14;00000000001929032743
629101616701;111;4;000000000000000000000
629101616702;111;14;00000000000300409943
629101616702;111;4;000000000000000000000
629101616703;111;14;000000000000000000000
629101616703;111;4;000000000000000000000
629101616704;111;14;000000000000000000000
629101616704;111;4;000000000000000000000
629101616705;111;14;000000000000000000000
629101616705;111;4;000000000000000000000
629101616790;111;14;000000000000000000000
629101616790;111;4;000000000000000000000
629101616800;111;14;000000000000000000000
629101616800;111;4;000000000000000000000
629101616801;111;14;000000000000000000000
629101616801;111;4;000000000000000000000
629101616802;111;14;000000000000000000000
629101616802;111;4;000000000000000000000
629101616803;111;14;000000000000000000000
629101616803;111;4;000000000000000000000
629101616804;111;14;000000000000000000000
629101616804;111;4;000000000000000000000
629101616805;111;14;000000000000000000000
629101616805;111;4;000000000000000000000
629101616890;111;14;000000000000000000000
629101616890;111;4;000000000000000000000
629101660000;111;14;000000000000000000000
629101660000;111;4;000000000000000000000
629101660700;111;14;000000000000000000000
629101660700;111;4;000000000000000000000
629101660701;111;14;000000000000000000000
629101660701;111;4;000000000000000000000
629101660702;111;14;000000000000000000000
629101660702;111;4;000000000000000000000
629101660800;111;14;000000000000000000000
629101660800;111;4;000000000000000000000
629101660801;111;14;000000000000000000000
629101660801;111;4;000000000000000000000
629101660802;111;14;000000000000000000000
629101660802;111;4;000000000000000000000
629197000000;111;14;000000000000000000000
629197000000;111;4;000000000000000000000
532101070000;111;14;00000000000001124382
532101070000;111;4;000000000000000000000
532101070100;111;14;00000000000001104382
532101070100;111;4;000000000000000000000
532101070101;111;14;000000000000000000000
532101070101;111;4;000000000000000000000
532101070102;111;14;000000000000000000000
532101070102;111;4;000000000000000000000
532101070103;111;14;000000000000000000000
532101070103;111;4;000000000000000000000
532101070104;111;14;000000000000000000000
532101070104;111;4;000000000000000000000
532101070105;111;14;000000000000000000000
532101070105;111;4;000000000000000000000
532101070190;111;14;00000000000001104382
532101070190;111;4;000000000000000000000
532101070200;111;14;00000000000000020000
532101070200;111;4;000000000000000000000
532101070300;111;14;000000000000000000000
532101070300;111;4;000000000000000000000
532101080000;111;14;000000000000000000000
532101080000;111;4;000000000000000000000
532101080100;111;14;000000000000000000000
532101080100;111;4;000000000000000000000
532101080101;111;14;000000000000000000000
532101080101;111;4;000000000000000000000
532101080102;111;14;000000000000000000000
532101080102;111;4;000000000000000000000
532101080103;111;14;000000000000000000000
532101080103;111;4;000000000000000000000
532101080104;111;14;000000000000000000000
532101080104;111;4;000000000000000000000
532101080105;111;14;000000000000000000000
532101080105;111;4;000000000000000000000
532101080190;111;14;000000000000000000000
532101080190;111;4;000000000000000000000
532101080200;111;14;000000000000000000000
532101080200;111;4;000000000000000000000
532101080300;111;14;000000000000000000000
532101080300;111;4;000000000000000000000
532111070000;111;14;000000000000000000000
532111070000;111;4;000000000000000000000
532111070100;111;14;000000000000000000000
532111070100;111;4;000000000000000000000
532111070101;111;14;000000000000000000000
532111070101;111;4;000000000000000000000
532111070102;111;14;000000000000000000000
532111070102;111;4;000000000000000000000
532111070200;111;14;000000000000000000000
532111070200;111;4;000000000000000000000
532111070300;111;14;000000000000000000000
532111070300;111;4;000000000000000000000
532111070400;111;14;000000000000000000000
532111070400;111;4;000000000000000000000
532111070500;111;14;000000000000000000000
532111070500;111;4;000000000000000000000
532111079000;111;14;000000000000000000000
532111079000;111;4;000000000000000000000
532111080000;111;14;000000000000000000000
532111080000;111;4;000000000000000000000
532111080100;111;14;000000000000000000000
532111080100;111;4;000000000000000000000
532111080101;111;14;000000000000000000000
532111080101;111;4;000000000000000000000
532111080102;111;14;000000000000000000000
532111080102;111;4;000000000000000000000
532111080200;111;14;000000000000000000000
532111080200;111;4;000000000000000000000
532111080300;111;14;000000000000000000000
532111080300;111;4;000000000000000000000
532111080400;111;14;000000000000000000000
532111080400;111;4;000000000000000000000
532111080500;111;14;000000000000000000000
532111080500;111;4;000000000000000000000
532111089000;111;14;000000000000000000000
532111089000;111;4;000000000000000000000
532166070000;111;14;000000000000000000000
532166070000;111;4;000000000000000000000
532166070100;111;14;000000000000000000000
532166070100;111;4;000000000000000000000
532166070200;111;14;000000000000000000000
532166070200;111;4;000000000000000000000
532166080000;111;14;000000000000000000000
532166080000;111;4;000000000000000000000
532166080100;111;14;000000000000000000000
532166080100;111;4;000000000000000000000
532166080200;111;14;000000000000000000000
532166080200;111;4;000000000000000000000
631200000000;111;14;00000000000004704169
631200000000;111;4;000000000000000000000
540142000000;111;14;000000000000000000000
540142000000;111;4;000000000000000000000
540192000000;111;14;000000000000000000000
540192000000;111;4;000000000000000000000
540200000000;111;14;000000000000000000000
540200000000;111;4;000000000000000000000
540201000000;111;14;000000000000000000000
540201000000;111;4;000000000000000000000
540202000000;111;14;000000000000000000000
540202000000;111;4;000000000000000000000
540203000000;111;14;000000000000000000000
540203000000;111;4;000000000000000000000
541000000000;111;14;000000000000000000000
541000000000;111;4;000000000000000000000
541003000000;111;14;000000000000000000000
541003000000;111;4;000000000000000000000
541002000000;111;14;000000000000000000000
541002000000;111;4;000000000000000000000
540900000000;111;14;000000000000000000000
540900000000;111;4;000000000000000000000
505000000000;111;14;-0000000000066439307
505000000000;111;4;000000000000000000000
505001000000;111;14;000000000000000000000
505001000000;111;4;000000000000000000000
505002000000;111;14;000000000000000000000
505002000000;111;4;000000000000000000000
505003000000;111;14;000000000000000000000
505003000000;111;4;000000000000000000000
505004000000;111;14;000000000000000000000
505004000000;111;4;000000000000000000000
505005000000;111;14;-0000000000101826442
505005000000;111;4;000000000000000000000
505012000000;111;14;000000000000000000000
505012000000;111;4;000000000000000000000
505013000000;111;14;000000000000000000000
505013000000;111;4;000000000000000000000
505006000000;111;14;00000000000000542855
505006000000;111;4;000000000000000000000
505018000000;111;14;000000000000000000000
505018000000;111;4;000000000000000000000
505018010000;111;14;000000000000000000000
505018010000;111;4;000000000000000000000
505018020000;111;14;000000000000000000000
505018020000;111;4;000000000000000000000
505007000000;111;14;-0000000000000499071
505007000000;111;4;000000000000000000000
505008000000;111;14;000000000000000000000
505008000000;111;4;000000000000000000000
505015000000;111;14;000000000000000000000
505015000000;111;4;000000000000000000000
505016000000;111;14;000000000000000000000
505016000000;111;4;000000000000000000000
505091000000;111;14;000000000000000000000
505091000000;111;4;000000000000000000000
505010000000;111;14;000000000000000000000
505010000000;111;4;000000000000000000000
505011000000;111;14;000000000000000000000
505011000000;111;4;000000000000000000000
505017000000;111;14;000000000000000000000
505017000000;111;4;000000000000000000000
505017010000;111;14;000000000000000000000
505017010000;111;4;000000000000000000000
505017020000;111;14;000000000000000000000
505017020000;111;4;000000000000000000000
505017030000;111;14;000000000000000000000
505017030000;111;4;000000000000000000000
505017040000;111;14;000000000000000000000
505017040000;111;4;000000000000000000000
505088000000;111;14;000000000000000000000
505088000000;111;4;000000000000000000000
505089000000;111;14;000000000000000000000
505089000000;111;4;000000000000000000000
505099000000;111;14;000000000000000000000
505099000000;111;4;000000000000000000000
641000000000;111;14;00000000001008999231
641000000000;111;4;000000000000000000000
641100000000;111;14;00000000000051262511
641100000000;111;4;000000000000000000000
641101000000;111;14;00000000000045007039
641101000000;111;4;000000000000000000000
641102000000;111;14;00000000000006255472
641102000000;111;4;000000000000000000000
641103000000;111;14;000000000000000000000
641103000000;111;4;000000000000000000000
649201000000;111;14;000000000000000000000
649201000000;111;4;000000000000000000000
649202000000;111;14;00000000000007585574
649202000000;111;4;000000000000000000000
649202010000;111;14;00000000000007585574
649202010000;111;4;000000000000000000000
649202020000;111;14;000000000000000000000
649202020000;111;4;000000000000000000000
649203000000;111;14;00000000000000342251
649203000000;111;4;000000000000000000000
649203010000;111;14;000000000000000000000
649203010000;111;4;000000000000000000000
649203020000;111;14;00000000000000342251
649203020000;111;4;000000000000000000000
649203030000;111;14;000000000000000000000
649203030000;111;4;000000000000000000000
505023030000;111;14;000000000000000000000
505023030000;111;4;000000000000000000000
505033000000;111;14;000000000000000000000
505033000000;111;4;000000000000000000000
505034000000;111;14;000000000000000000000
505034000000;111;4;000000000000000000000
505035000000;111;14;000000000000000000000
505035000000;111;4;000000000000000000000
505036000000;111;14;000000000000000000000
505036000000;111;4;000000000000000000000
505037000000;111;14;000000000000000000000
505037000000;111;4;000000000000000000000
505038000000;111;14;000000000000000000000
505038000000;111;4;000000000000000000000
505039000000;111;14;000000000000000000000
505039000000;111;4;000000000000000000000
505040000000;111;14;000000000000000000000
505040000000;111;4;000000000000000000000
569000000000;111;14;000000000000000000000
569000000000;111;4;000000000000000000000
570103000000;111;14;000000000000000000000
570103000000;111;4;000000000000000000000
570103010000;111;14;000000000000000000000
570103010000;111;4;000000000000000000000
570103020000;111;14;000000000000000000000
570103020000;111;4;000000000000000000000
570105000000;111;14;000000000000000000000
570105000000;111;4;000000000000000000000
570105010000;111;14;000000000000000000000
570105010000;111;4;000000000000000000000
570105020000;111;14;000000000000000000000
570105020000;111;4;000000000000000000000
121406010100;111;14;000000000000000000000
121406010100;111;4;000000000000000000000
121406020100;111;14;000000000000000000000
121406020100;111;4;000000000000000000000
121406020200;111;14;000000000000000000000
121406020200;111;4;000000000000000000000
121406030100;111;14;000000000000000000000
121406030100;111;4;000000000000000000000
121406030200;111;14;000000000000000000000
121406030200;111;4;000000000000000000000
121406040100;111;14;000000000000000000000
121406040100;111;4;000000000000000000000
121406040200;111;14;000000000000000000000
121406040200;111;4;000000000000000000000
121406050100;111;14;000000000000000000000
121406050100;111;4;000000000000000000000
121406050200;111;14;000000000000000000000
121406050200;111;4;000000000000000000000
121406060100;111;14;000000000000000000000
121406060100;111;4;000000000000000000000
121406060200;111;14;000000000000000000000
121406060200;111;4;000000000000000000000
121406070100;111;14;000000000000000000000
121406070100;111;4;000000000000000000000
121406070200;111;14;000000000000000000000
121406070200;111;4;000000000000000000000
121407010100;111;14;000000000000000000000
121407010100;111;4;000000000000000000000
121407010300;111;14;000000000000000000000
121407010300;111;4;000000000000000000000
121407020100;111;14;000000000000000000000
121407020100;111;4;000000000000000000000
121407020300;111;14;000000000000000000000
121407020300;111;4;000000000000000000000
121407020200;111;14;000000000000000000000
121407020200;111;4;000000000000000000000
121407030100;111;14;000000000000000000000
121407030100;111;4;000000000000000000000
121407030300;111;14;000000000000000000000
121407030300;111;4;000000000000000000000
121407030200;111;14;000000000000000000000
121407030200;111;4;000000000000000000000
121407040100;111;14;000000000000000000000
121407040100;111;4;000000000000000000000
121407040300;111;14;000000000000000000000
121407040300;111;4;000000000000000000000
121407040200;111;14;000000000000000000000
121407040200;111;4;000000000000000000000
121407050100;111;14;000000000000000000000
121407050100;111;4;000000000000000000000
121407050300;111;14;000000000000000000000
121407050300;111;4;000000000000000000000
121407050200;111;14;000000000000000000000
121407050200;111;4;000000000000000000000
121407060100;111;14;000000000000000000000
121407060100;111;4;000000000000000000000
121407060300;111;14;000000000000000000000
121407060300;111;4;000000000000000000000
121407060200;111;14;000000000000000000000
121407060200;111;4;000000000000000000000
121407070100;111;14;000000000000000000000
121407070100;111;4;000000000000000000000
121407070300;111;14;000000000000000000000
121407070300;111;4;000000000000000000000
121407070200;111;14;000000000000000000000
121407070200;111;4;000000000000000000000
131107130000;111;14;000000000000000000000
131107130000;111;4;000000000000000000000
131108130000;111;14;000000000000000000000
131108130000;111;4;000000000000000000000
136113000000;111;14;000000000000000000000
136113000000;111;4;000000000000000000000
139150671300;111;14;000000000000000000000
139150671300;111;4;000000000000000000000
139150681300;111;14;000000000000000000000
139150681300;111;4;000000000000000000000
140906000000;111;14;000000000000000000000
140906000000;111;4;000000000000000000000
141300000000;111;14;000000000000000000000
141300000000;111;4;000000000000000000000
221406010100;111;14;000000000000000000000
221406010100;111;4;000000000000000000000
221406020100;111;14;000000000000000000000
221406020100;111;4;000000000000000000000
221406020200;111;14;000000000000000000000
221406020200;111;4;000000000000000000000
221406030100;111;14;000000000000000000000
221406030100;111;4;000000000000000000000
221406030200;111;14;000000000000000000000
221406030200;111;4;000000000000000000000
221406040100;111;14;000000000000000000000
221406040100;111;4;000000000000000000000
221406040200;111;14;000000000000000000000
221406040200;111;4;000000000000000000000
221406050100;111;14;000000000000000000000
221406050100;111;4;000000000000000000000
221406050200;111;14;000000000000000000000
221406050200;111;4;000000000000000000000
221406060100;111;14;000000000000000000000
221406060100;111;4;000000000000000000000
221406060200;111;14;000000000000000000000
221406060200;111;4;000000000000000000000
221406070100;111;14;000000000000000000000
221406070100;111;4;000000000000000000000
221406070200;111;14;000000000000000000000
221406070200;111;4;000000000000000000000
221407010100;111;14;000000000000000000000
221407010100;111;4;000000000000000000000
221407010300;111;14;000000000000000000000
221407010300;111;4;000000000000000000000
221407020100;111;14;000000000000000000000
221407020100;111;4;000000000000000000000
221407020300;111;14;000000000000000000000
221407020300;111;4;000000000000000000000
221407020200;111;14;000000000000000000000
221407020200;111;4;000000000000000000000
221407030100;111;14;000000000000000000000
221407030100;111;4;000000000000000000000
221407030300;111;14;000000000000000000000
221407030300;111;4;000000000000000000000
221407030200;111;14;000000000000000000000
221407030200;111;4;000000000000000000000
221407040100;111;14;000000000000000000000
221407040100;111;4;000000000000000000000
221407040300;111;14;000000000000000000000
221407040300;111;4;000000000000000000000
221407040200;111;14;000000000000000000000
221407040200;111;4;000000000000000000000
221407050100;111;14;000000000000000000000
221407050100;111;4;000000000000000000000
221407050300;111;14;000000000000000000000
221407050300;111;4;000000000000000000000
221407050200;111;14;000000000000000000000
221407050200;111;4;000000000000000000000
221407060100;111;14;000000000000000000000
221407060100;111;4;000000000000000000000
221407060300;111;14;000000000000000000000
221407060300;111;4;000000000000000000000
221407060200;111;14;000000000000000000000
221407060200;111;4;000000000000000000000
221407070100;111;14;000000000000000000000
221407070100;111;4;000000000000000000000
221407070300;111;14;000000000000000000000
221407070300;111;4;000000000000000000000
221407070200;111;14;000000000000000000000
221407070200;111;4;000000000000000000000
241300000000;111;14;000000000000000000000
241300000000;111;4;000000000000000000000
511900000000;111;14;000000000000000000000
511900000000;111;4;000000000000000000000
510511671300;111;14;000000000000000000000
510511671300;111;4;000000000000000000000
510511681300;111;14;000000000000000000000
510511681300;111;4;000000000000000000000
510261130000;111;14;000000000000000000000
510261130000;111;4;000000000000000000000
611900000000;111;14;000000000000000000000
611900000000;111;4;000000000000000000000
629101616713;111;14;000000000000000000000
629101616713;111;4;000000000000000000000
629101616813;111;14;000000000000000000000
629101616813;111;4;000000000000000000000
532111070600;111;14;000000000000000000000
532111070600;111;4;000000000000000000000
532111080600;111;14;000000000000000000000
532111080600;111;4;000000000000000000000
505017050000;111;14;000000000000000000000
505017050000;111;4;000000000000000000000
